0 0.515625 0.1791044776119403 0.1578125 0.2873134328358209
0 0.7671875 0.373134328358209 0.0578125 0.1044776119402985
0 0.253125 0.39925373134328357 0.0484375 0.1044776119402985
0 0.5109375 0.4216417910447761 0.0375 0.0708955223880597
0 0.5109375 0.4216417910447761 0.0875 0.17164179104477612
0 0.390625 0.4664179104477612 0.1015625 0.20522388059701493
0 0.628125 0.47388059701492535 0.103125 0.19776119402985073
0 0.7359375 0.5149253731343284 0.0625 0.11940298507462686
0 0.2890625 0.5223880597014925 0.0609375 0.11940298507462686
0 0.8203125 0.5261194029850746 0.08125 0.16791044776119404
0 0.1953125 0.5410447761194029 0.078125 0.16044776119402984
0 0.4859375 0.6007462686567164 0.090625 0.1791044776119403
0 0.53125 0.6044776119402985 0.0875 0.1791044776119403
0 0.578125 0.6604477611940298 0.090625 0.1828358208955224
0 0.340625 0.6604477611940298 0.0765625 0.15298507462686567
0 0.684375 0.6604477611940298 0.1015625 0.208955223880597
0 0.440625 0.664179104477612 0.0890625 0.1865671641791045
0 0.340625 0.667910447761194 0.1015625 0.208955223880597
0 0.7875 0.6753731343283582 0.0734375 0.14925373134328357
0 0.234375 0.7089552238805971 0.0921875 0.19402985074626866
0 0.509375 0.8246268656716418 0.0953125 0.20149253731343283