0 0.790625 0.24375 0.1 0.090625
0 0.4578125 0.2546875 0.1015625 0.0875
0 0.8859375 0.30625 0.1 0.0890625
0 0.7359375 0.3203125 0.1015625 0.090625
0 0.33125 0.3375 0.1 0.0890625
0 0.434375 0.340625 0.1 0.0875
0 0.6265625 0.3796875 0.1015625 0.0890625
0 0.9390625 0.3796875 0.1015625 0.090625
0 0.8328125 0.3859375 0.103125 0.0875
0 0.2390625 0.4046875 0.1 0.0859375
0 0.7328125 0.4140625 0.1 0.0890625
0 0.3359375 0.43125 0.1 0.090625
0 0.5546875 0.4453125 0.1046875 0.090625
0 0.4515625 0.4546875 0.1 0.0890625
0 0.1765625 0.4546875 0.103125 0.090625
0 0.834375 0.478125 0.103125 0.09375
0 0.65 0.484375 0.1015625 0.08125
0 0.740625 0.5203125 0.103125 0.0890625
0 0.9171875 0.5296875 0.1046875 0.0890625
0 0.4953125 0.5328125 0.1015625 0.0921875
0 0.596875 0.5359375 0.1046875 0.0875
0 0.284375 0.5375 0.103125 0.0921875
0 0.1796875 0.5671875 0.103125 0.0921875
0 0.0625 0.575 0.1015625 0.0921875
0 0.40625 0.578125 0.1015625 0.0875
0 0.7125 0.615625 0.103125 0.0875
0 0.409375 0.61875 0.103125 0.090625
0 0.5875 0.6328125 0.103125 0.096875
0 0.0984375 0.6546875 0.1046875 0.0890625
0 0.375 0.6671875 0.103125 0.0921875
0 0.5015625 0.6890625 0.103125 0.090625
0 0.6890625 0.7078125 0.103125 0.0921875
0 0.2875 0.7171875 0.103125 0.090625
0 0.45 0.7546875 0.1046875 0.090625