0 0.3078125 0.2857142857142857 0.2125 0.28348214285714285
0 0.1125 0.46205357142857145 0.20625 0.29464285714285715
0 0.7109375 0.5647321428571429 0.234375 0.30580357142857145
0 0.4484375 0.5982142857142857 0.234375 0.328125
0 0.2234375 0.7142857142857143 0.2265625 0.3080357142857143
0 0.7203125 0.8125 0.2359375 0.27901785714285715
0 0.5359375 0.8504464285714286 0.2375 0.20758928571428573
0 0.7625 0.10491071428571429 0.234375 0.20758928571428573
0 0.484375 0.19419642857142858 0.1515625 0.3080357142857143
0 0.2375 0.20758928571428573 0.2078125 0.28348214285714285
0 0.91875 0.22098214285714285 0.1609375 0.31026785714285715
0 0.0671875 0.22991071428571427 0.1328125 0.2924107142857143