0 0.3015625 0.125531914893617 0.1375 0.17872340425531916
0 0.703125 0.16595744680851063 0.1375 0.18085106382978725
0 0.5578125 0.16595744680851063 0.1140625 0.15531914893617021
0 0.4453125 0.24468085106382978 0.115625 0.15531914893617021
0 0.3140625 0.30851063829787234 0.115625 0.15531914893617021
0 0.825 0.3148936170212766 0.1390625 0.1829787234042553
0 0.65 0.3404255319148936 0.115625 0.15531914893617021
0 0.1828125 0.44680851063829785 0.1421875 0.1851063829787234
0 0.5921875 0.4723404255319149 0.11875 0.1574468085106383
0 0.740625 0.4957446808510638 0.1453125 0.1851063829787234
0 0.2796875 0.5659574468085107 0.1171875 0.14893617021276595
0 0.453125 0.574468085106383 0.146875 0.18723404255319148
0 0.65625 0.6468085106382979 0.14375 0.18936170212765957
0 0.8296875 0.723404255319149 0.146875 0.19148936170212766
0 0.4390625 0.7702127659574468 0.146875 0.19574468085106383