0 0.3921875 0.22717622080679406 0.065625 0.09129511677282377
0 0.54375 0.2356687898089172 0.065625 0.08917197452229299
0 0.63125 0.2526539278131635 0.10625 0.14437367303609341
0 0.2171875 0.25690021231422505 0.065625 0.0870488322717622
0 0.71875 0.2802547770700637 0.06875 0.09129511677282377
0 0.48125 0.29936305732484075 0.065625 0.08917197452229299
0 0.4078125 0.3205944798301486 0.065625 0.09341825902335456
0 0.2703125 0.32696390658174096 0.0671875 0.09129511677282377
0 0.3390625 0.3333333333333333 0.065625 0.09341825902335456
0 0.771875 0.34182590233545646 0.065625 0.08917197452229299
0 0.20625 0.3609341825902335 0.0671875 0.08917197452229299
0 0.6546875 0.39490445859872614 0.1078125 0.1464968152866242
0 0.2828125 0.43736730360934184 0.065625 0.09129511677282377
0 0.5515625 0.4394904458598726 0.1046875 0.1464968152866242
0 0.45 0.4437367303609342 0.065625 0.09341825902335456
0 0.359375 0.4543524416135881 0.1109375 0.1464968152866242
0 0.21875 0.46284501061571126 0.0609375 0.07643312101910828
0 0.621875 0.5222929936305732 0.06875 0.09129511677282377
0 0.2671875 0.535031847133758 0.0671875 0.08917197452229299
0 0.5265625 0.5732484076433121 0.0703125 0.08917197452229299
0 0.428125 0.5796178343949044 0.1078125 0.14225053078556263
0 0.3265625 0.5881104033970276 0.06875 0.09341825902335456
0 0.66875 0.6029723991507431 0.0703125 0.09341825902335456
0 0.590625 0.613588110403397 0.0703125 0.09129511677282377
0 0.440625 0.6836518046709129 0.0671875 0.09341825902335456
0 0.5109375 0.7494692144373672 0.06875 0.09341825902335456
0 0.58125 0.7515923566878981 0.0671875 0.09341825902335456
0 0.603125 0.13588110403397027 0.0640625 0.08917197452229299
0 0.7203125 0.16772823779193205 0.06875 0.0870488322717622
0 0.303125 0.21443736730360935 0.10625 0.14437367303609341