0 0.71875 0.4988235294117647 0.0578125 0.08470588235294117
0 0.2375 0.5388235294117647 0.05 0.07529411764705882
0 0.1703125 0.5670588235294117 0.0359375 0.05411764705882353
0 0.903125 0.5835294117647059 0.0453125 0.07058823529411765
0 0.503125 0.6329411764705882 0.0484375 0.07058823529411765
0 0.715625 0.6494117647058824 0.046875 0.07058823529411765
0 0.3515625 0.6494117647058824 0.0421875 0.0611764705882353
0 0.9671875 0.6941176470588235 0.05625 0.08470588235294117
0 0.8390625 0.8211764705882353 0.0375 0.05411764705882353
0 0.2984375 0.8541176470588235 0.06875 0.10352941176470588
0 0.671875 0.8564705882352941 0.05625 0.08705882352941176