0 0.4578125 0.2516703786191537 0.2046875 0.18930957683741648
0 0.878125 0.28507795100222716 0.1453125 0.12694877505567928
0 0.25 0.34521158129175944 0.19375 0.1759465478841871
0 0.0734375 0.4610244988864143 0.146875 0.14699331848552338
0 0.865625 0.48552338530066813 0.1515625 0.14253897550111358
0 0.3796875 0.5167037861915368 0.1828125 0.18262806236080179
0 0.1890625 0.5679287305122495 0.1234375 0.12249443207126949
0 0.0203125 0.5968819599109132 0.040625 0.07126948775055679
0 0.6890625 0.643652561247216 0.2078125 0.20935412026726058
0 0.0796875 0.6859688195991092 0.075 0.0801781737193764
0 0.309375 0.7193763919821826 0.1296875 0.133630289532294
0 0.1484375 0.7750556792873051 0.078125 0.0801781737193764
0 0.4828125 0.8552338530066815 0.3234375 0.1915367483296214
0 0.7296875 0.1714922048997773 0.1375 0.111358574610245