0 0.140625 0.352112676056338 0.1515625 0.23943661971830985
0 0.3578125 0.3615023474178404 0.1296875 0.2136150234741784
0 0.5453125 0.3873239436619718 0.1 0.1619718309859155
0 0.6765625 0.3873239436619718 0.0796875 0.12441314553990611
0 0.928125 0.39906103286384975 0.0515625 0.07981220657276995
0 0.8125 0.4014084507042254 0.065625 0.09859154929577464
0 0.8125 0.6408450704225352 0.078125 0.11267605633802817
0 0.534375 0.647887323943662 0.13125 0.18779342723004694
0 0.69375 0.647887323943662 0.1078125 0.15258215962441316
0 0.940625 0.6502347417840375 0.0734375 0.10093896713615023
0 0.1234375 0.6619718309859155 0.2 0.27699530516431925
0 0.3484375 0.6643192488262911 0.1671875 0.2300469483568075