0 0.6796875 0.2539325842696629 0.0890625 0.1258426966292135
0 0.7546875 0.2786516853932584 0.0578125 0.08314606741573034
0 0.55 0.28314606741573034 0.0578125 0.07640449438202247
0 0.3671875 0.298876404494382 0.05625 0.08089887640449438
0 0.4859375 0.30112359550561796 0.059375 0.08089887640449438
0 0.425 0.30786516853932583 0.0578125 0.08089887640449438
0 0.309375 0.3235955056179775 0.0578125 0.07865168539325842
0 0.8 0.33707865168539325 0.05625 0.07640449438202247
0 0.6953125 0.3797752808988764 0.090625 0.1258426966292135
0 0.375 0.39775280898876403 0.0578125 0.0853932584269663
0 0.51875 0.41123595505617977 0.0578125 0.08314606741573034
0 0.4421875 0.4157303370786517 0.0890625 0.12808988764044943
0 0.60625 0.4157303370786517 0.090625 0.1303370786516854
0 0.49375 0.5325842696629214 0.0953125 0.12808988764044943
0 0.4078125 0.5348314606741573 0.0609375 0.08764044943820225
0 0.703125 0.5662921348314607 0.0625 0.0853932584269663
0 0.6359375 0.5730337078651685 0.059375 0.08314606741573034
0 0.503125 0.6247191011235955 0.059375 0.0853932584269663
0 0.5640625 0.6898876404494382 0.0609375 0.08314606741573034
0 0.6234375 0.6966292134831461 0.059375 0.0853932584269663
0 0.659375 0.14606741573033707 0.0578125 0.07865168539325842
0 0.759375 0.1842696629213483 0.05625 0.07640449438202247
0 0.3984375 0.20224719101123595 0.090625 0.12808988764044943
0 0.475 0.2157303370786517 0.05625 0.07865168539325842
0 0.6046875 0.23146067415730337 0.05625 0.07865168539325842
0 0.321875 0.23146067415730337 0.0578125 0.07640449438202247