0 0.4765625 0.2966292134831461 0.1984375 0.27640449438202247
0 0.6265625 0.30337078651685395 0.0953125 0.13707865168539327
0 0.3375 0.39775280898876403 0.096875 0.13707865168539327
0 0.75625 0.4067415730337079 0.0953125 0.1348314606741573
0 0.6578125 0.43820224719101125 0.0953125 0.1348314606741573
0 0.2421875 0.44269662921348313 0.0953125 0.13707865168539327
0 0.5484375 0.5393258426966292 0.1578125 0.2292134831460674
0 0.790625 0.5438202247191011 0.096875 0.13707865168539327
0 0.1546875 0.5483146067415731 0.1265625 0.1797752808988764
0 0.6859375 0.5910112359550562 0.1125 0.16179775280898875
0 0.3421875 0.6157303370786517 0.2 0.28314606741573034
0 0.615625 0.7168539325842697 0.10625 0.1550561797752809
0 0.1953125 0.7213483146067415 0.11875 0.1662921348314607
0 0.4875 0.7258426966292135 0.115625 0.16404494382022472
0 0.403125 0.8179775280898877 0.0953125 0.1303370786516854
0 0.2875 0.19550561797752808 0.196875 0.28314606741573034