0 0.4109375 0.29577464788732394 0.0328125 0.051643192488262914
0 0.8125 0.33568075117370894 0.04375 0.06572769953051644
0 0.3625 0.3427230046948357 0.0375 0.056338028169014086
0 0.459375 0.38497652582159625 0.0328125 0.04929577464788732
0 0.6265625 0.4694835680751174 0.0359375 0.051643192488262914
0 0.690625 0.04929577464788732 0.0875 0.09624413145539906
0 0.1609375 0.47417840375586856 0.034375 0.04929577464788732
0 0.4390625 0.4859154929577465 0.0359375 0.0539906103286385
0 0.19375 0.5187793427230047 0.0265625 0.03990610328638498
0 0.2515625 0.5704225352112676 0.0328125 0.046948356807511735
0 0.3546875 0.5704225352112676 0.05 0.07746478873239436
0 0.08125 0.6126760563380281 0.0421875 0.06338028169014084
0 0.6140625 0.06338028169014084 0.0328125 0.046948356807511735
0 0.034375 0.6455399061032864 0.0265625 0.03990610328638498
0 0.4578125 0.06572769953051644 0.078125 0.11737089201877934
0 0.51875 0.6854460093896714 0.0703125 0.1056338028169014
0 0.7765625 0.7112676056338029 0.046875 0.07042253521126761
0 0.6375 0.7511737089201878 0.0265625 0.03990610328638498
0 0.8875 0.755868544600939 0.053125 0.07981220657276995
0 0.346875 0.7887323943661971 0.0890625 0.13380281690140844
0 0.8515625 0.08450704225352113 0.05 0.07746478873239436
0 0.81875 0.8427230046948356 0.0265625 0.03990610328638498
0 0.496875 0.8450704225352113 0.034375 0.0539906103286385
0 0.9421875 0.8450704225352113 0.0328125 0.04929577464788732
0 0.6109375 0.8544600938967136 0.04375 0.06338028169014084
0 0.665625 0.8732394366197183 0.04375 0.06338028169014084
0 0.871875 0.8755868544600939 0.03125 0.04929577464788732
0 0.5203125 0.8802816901408451 0.0265625 0.03990610328638498
0 0.025 0.9178403755868545 0.0484375 0.07511737089201878
0 0.128125 0.92018779342723 0.0484375 0.07511737089201878
0 0.778125 0.09624413145539906 0.0265625 0.03990610328638498
0 0.696875 0.9530516431924883 0.0625 0.08685446009389672
0 0.5828125 0.9671361502347418 0.0765625 0.06338028169014084
0 0.9078125 0.9788732394366197 0.0265625 0.03990610328638498
0 0.696875 0.11971830985915492 0.0328125 0.04460093896713615
0 0.503125 0.1643192488262911 0.04375 0.06807511737089202
0 0.9171875 0.20187793427230047 0.040625 0.06338028169014084
0 0.628125 0.215962441314554 0.034375 0.046948356807511735
0 0.709375 0.23943661971830985 0.0328125 0.04929577464788732
0 0.5890625 0.24647887323943662 0.05625 0.08450704225352113
0 0.503125 0.25586854460093894 0.03125 0.04929577464788732
0 0.884375 0.2605633802816901 0.0328125 0.04929577464788732
0 0.8421875 0.2676056338028169 0.028125 0.03990610328638498
0 0.925 0.284037558685446 0.03125 0.051643192488262914