0 0.759375 0.2459016393442623 0.1296875 0.13114754098360656
0 0.453125 0.24795081967213115 0.1296875 0.12295081967213115
0 0.575 0.3094262295081967 0.1328125 0.13319672131147542
0 0.4046875 0.3135245901639344 0.13125 0.11270491803278689
0 0.175 0.3422131147540984 0.1328125 0.13319672131147542
0 0.3203125 0.3770491803278688 0.134375 0.12295081967213115
0 0.728125 0.42213114754098363 0.134375 0.13729508196721313
0 0.44375 0.4344262295081967 0.1375 0.14549180327868852
0 0.5921875 0.4487704918032787 0.1390625 0.13934426229508196
0 0.2625 0.4713114754098361 0.1359375 0.13934426229508196
0 0.3671875 0.5471311475409836 0.140625 0.13319672131147542
0 0.725 0.569672131147541 0.1375 0.15163934426229508
0 0.7875 0.5758196721311475 0.1375 0.14754098360655737
0 0.303125 0.6229508196721312 0.1421875 0.15368852459016394
0 0.5109375 0.6331967213114754 0.1421875 0.15163934426229508
0 0.6484375 0.6762295081967213 0.1421875 0.15778688524590165
0 0.4359375 0.7295081967213115 0.14375 0.15368852459016394
0 0.2796875 0.7418032786885246 0.1453125 0.14344262295081966
0 0.584375 0.8340163934426229 0.1453125 0.1598360655737705
0 0.6375 0.13729508196721313 0.128125 0.12704918032786885