0 0.8109375 0.2700892857142857 0.1734375 0.13392857142857142
0 0.44375 0.28794642857142855 0.16875 0.12276785714285714
0 0.275 0.296875 0.16875 0.12946428571428573
0 0.0984375 0.328125 0.1703125 0.13839285714285715
0 0.640625 0.3392857142857143 0.1734375 0.14285714285714285
0 0.7859375 0.41294642857142855 0.1765625 0.14955357142857142
0 0.321875 0.41517857142857145 0.1765625 0.13616071428571427
0 0.5015625 0.42410714285714285 0.178125 0.14732142857142858
0 0.14375 0.4575892857142857 0.18125 0.15401785714285715
0 0.94375 0.049107142857142856 0.1125 0.09598214285714286
0 0.921875 0.48660714285714285 0.15625 0.14285714285714285
0 0.65625 0.5133928571428571 0.18125 0.15848214285714285
0 0.2734375 0.5647321428571429 0.1828125 0.16071428571428573
0 0.8 0.609375 0.1890625 0.16741071428571427
0 0.44375 0.06473214285714286 0.153125 0.11383928571428571
0 0.946875 0.6361607142857143 0.10625 0.16964285714285715
0 0.2828125 0.06696428571428571 0.159375 0.11160714285714286
0 0.09375 0.06696428571428571 0.1578125 0.12053571428571429
0 0.6171875 0.08705357142857142 0.159375 0.11160714285714286
0 0.7734375 0.11830357142857142 0.159375 0.11383928571428571
0 0.15625 0.16294642857142858 0.1625 0.11607142857142858
0 0.4859375 0.16517857142857142 0.1609375 0.11160714285714286
0 0.31875 0.17410714285714285 0.1640625 0.11830357142857142
0 0.646875 0.20535714285714285 0.1640625 0.12723214285714285
0 0.9375 0.20535714285714285 0.125 0.13392857142857142