0 0.4265625 0.20657276995305165 0.0328125 0.04929577464788732
0 0.471875 0.20892018779342722 0.034375 0.04929577464788732
0 0.6125 0.20892018779342722 0.0375 0.056338028169014086
0 0.5640625 0.2112676056338028 0.0375 0.05868544600938967
0 0.515625 0.2112676056338028 0.0375 0.05868544600938967
0 0.659375 0.2112676056338028 0.040625 0.06103286384976526
0 0.7125 0.21830985915492956 0.0515625 0.07746478873239436
0 0.5125 0.2934272300469484 0.025 0.03755868544600939
0 0.46875 0.2934272300469484 0.0265625 0.03990610328638498
0 0.5609375 0.29577464788732394 0.0234375 0.03755868544600939
0 0.4296875 0.29577464788732394 0.025 0.04225352112676056
0 0.68125 0.3192488262910798 0.0578125 0.0892018779342723