0 0.578125 0.23076923076923078 0.26875 0.41346153846153844
0 0.1015625 0.33413461538461536 0.1859375 0.2764423076923077
0 0.51875 0.3942307692307692 0.215625 0.3557692307692308
0 0.3234375 0.39663461538461536 0.19375 0.2932692307692308
0 0.06875 0.41346153846153844 0.1375 0.33653846153846156
0 0.6375 0.46875 0.16875 0.27163461538461536
0 0.728125 0.5072115384615384 0.225 0.3557692307692308
0 0.7609375 0.5793269230769231 0.3265625 0.5336538461538461
0 0.2375 0.6634615384615384 0.18125 0.2860576923076923
0 0.1375 0.7019230769230769 0.225 0.4375
0 0.46484375 0.7680288461538461 0.3453125 0.4639423076923077
0 0.8828125 0.8076923076923077 0.1484375 0.23557692307692307
0 0.5203125 0.8762019230769231 0.1875 0.24759615384615385
0 0.95703125 0.8930288461538461 0.0734375 0.21394230769230768
0 0.3671875 0.1201923076923077 0.2609375 0.2403846153846154
0 0.8453125 0.15625 0.309375 0.3125
0 0.2078125 0.18990384615384615 0.1671875 0.1971153846153846