0 0.515625 0.3388888888888889 0.0796875 0.13333333333333333
0 0.6484375 0.3888888888888889 0.0984375 0.11666666666666667
0 0.69375 0.21944444444444444 0.0890625 0.12222222222222222
0 0.628125 0.5666666666666667 0.0828125 0.13055555555555556
0 0.4 0.2638888888888889 0.078125 0.13055555555555556
0 0.44375 0.09444444444444444 0.078125 0.13333333333333333
0 0.51875 0.5111111111111111 0.084375 0.1388888888888889
0 0.5546875 0.6805555555555556 0.0796875 0.12222222222222222
0 0.596875 0.8333333333333334 0.08125 0.12222222222222222
0 0.4703125 0.6944444444444444 0.0671875 0.13055555555555556
0 0.3953125 0.4222222222222222 0.078125 0.12222222222222222
0 0.203125 0.41388888888888886 0.0859375 0.11944444444444445
0 0.190625 0.6388888888888888 0.0875 0.10833333333333334
0 0.109375 0.7694444444444445 0.0890625 0.125
0 0.078125 0.5388888888888889 0.0859375 0.11944444444444445
0 0.0703125 0.28888888888888886 0.0734375 0.14166666666666666
0 0.1765625 0.17777777777777778 0.08125 0.13055555555555556