0 0.46875 0.7055555555555556 0.0703125 0.13333333333333333
0 0.515625 0.5055555555555555 0.0859375 0.13333333333333333
0 0.509375 0.3388888888888889 0.075 0.1638888888888889
0 0.65 0.3861111111111111 0.0734375 0.1388888888888889
0 0.628125 0.5777777777777777 0.0796875 0.14166666666666666
0 0.55625 0.6694444444444444 0.06875 0.125
0 0.5984375 0.8333333333333334 0.0828125 0.13333333333333333
0 0.396875 0.2611111111111111 0.084375 0.13333333333333333
0 0.3890625 0.4222222222222222 0.0734375 0.1361111111111111
0 0.178125 0.17777777777777778 0.0765625 0.1388888888888889
0 0.0671875 0.28888888888888886 0.0734375 0.14444444444444443
0 0.2 0.4111111111111111 0.075 0.11388888888888889
0 0.0796875 0.5388888888888889 0.0859375 0.1361111111111111
0 0.1921875 0.6388888888888888 0.0734375 0.15
0 0.10625 0.7666666666666667 0.0734375 0.11666666666666667