0 0.303125 0.6555555555555556 0.0734375 0.1527777777777778
0 0.40625 0.8055555555555556 0.103125 0.1527777777777778
0 0.540625 0.8027777777777778 0.0796875 0.1388888888888889
0 0.3546875 0.3416666666666667 0.0765625 0.14166666666666666
0 0.46875 0.2777777777777778 0.0703125 0.16944444444444445
0 0.55625 0.2388888888888889 0.0765625 0.14444444444444443
0 0.671875 0.32222222222222224 0.0828125 0.18333333333333332
0 0.5328125 0.4222222222222222 0.0734375 0.14444444444444443
0 0.640625 0.5 0.0875 0.1388888888888889
0 0.5109375 0.5972222222222222 0.0796875 0.1361111111111111
0 0.4296875 0.5 0.0765625 0.13055555555555556