0 0.05 0.45 0.0859375 0.14166666666666666
0 0.13125 0.5694444444444444 0.0796875 0.13055555555555556
0 0.2625 0.7305555555555555 0.078125 0.1638888888888889
0 0.39375 0.7833333333333333 0.0859375 0.12222222222222222
0 0.584375 0.7805555555555556 0.09375 0.15555555555555556
0 0.6625 0.5194444444444445 0.084375 0.14444444444444443
0 0.640625 0.26666666666666666 0.0875 0.1527777777777778
0 0.5515625 0.11666666666666667 0.078125 0.16111111111111112
0 0.43125 0.17777777777777778 0.084375 0.1638888888888889
0 0.46875 0.36944444444444446 0.0828125 0.14444444444444443
0 0.490625 0.5277777777777778 0.0859375 0.14722222222222223
0 0.375 0.5805555555555556 0.084375 0.13333333333333333
0 0.3203125 0.43333333333333335 0.0953125 0.15555555555555556
0 0.1984375 0.41944444444444445 0.1015625 0.14722222222222223
0 0.121875 0.2833333333333333 0.090625 0.16111111111111112
0 0.2828125 0.2388888888888889 0.096875 0.1527777777777778