150.07 315.27 215.22 372.90 0 0.9245
438.94 175.22 503.84 232.64 0 0.9210
246.15 189.75 310.36 246.46 0 0.9195
343.12 374.06 409.29 435.25 0 0.9181
183.43 246.88 248.28 305.15 0 0.9179
535.17 167.23 599.66 225.06 0 0.9172
423.47 366.49 489.21 423.07 0 0.9172
408.06 423.91 474.14 482.91 0 0.9159
284.38 312.66 348.95 370.69 0 0.9157
151.44 430.49 218.21 488.70 0 0.9155
368.01 214.58 432.83 271.85 0 0.9142
569.94 214.83 634.98 272.03 0 0.9139
120.17 231.15 184.71 286.92 0 0.9138
82.28 334.12 147.51 392.22 0 0.9129
80.57 262.48 145.72 320.44 0 0.9128
180.12 187.80 244.25 244.52 0 0.9113
500.44 220.10 566.15 275.44 0 0.9103
554.29 310.40 620.26 367.75 0 0.9098
260.71 135.11 324.44 191.18 0 0.9089
474.41 127.04 538.40 184.65 0 0.9086
255.63 454.69 321.50 511.26 0 0.9082
322.24 256.76 387.70 313.52 0 0.9080
441.33 304.10 506.93 361.48 0 0.9080
7.68 338.53 72.75 396.50 0 0.9079
257.86 261.79 321.76 319.27 0 0.9071
30.93 390.07 96.37 448.00 0 0.9070
500.68 275.73 566.42 335.23 0 0.9024
228.55 362.74 295.23 425.90 0 0.9020
349.66 315.57 415.38 370.90 0 0.9008
438.17 236.64 502.07 292.09 0 0.8999
383.26 284.01 448.45 336.22 0 0.8998
207.43 398.83 272.86 455.60 0 0.8996
287.22 398.93 353.64 468.62 0 0.8995
226.98 343.15 292.21 397.71 0 0.6112
