385.99 303.65 538.21 426.23 0 0.9156
411.86 -0.13 562.72 93.14 0 0.9075
5.95 144.51 140.71 273.74 0 0.9007
71.24 256.11 220.28 391.74 0 0.8991
535.86 33.10 640.07 168.39 0 0.8932
0.18 36.84 87.24 169.27 0 0.8923
129.15 63.64 266.07 186.12 0 0.8917
211.17 207.52 363.61 341.90 0 0.8785
269.79 333.87 408.25 426.71 0 0.8716
377.00 184.82 528.87 319.06 0 0.8274
519.64 242.79 639.89 382.44 0 0.8127
351.28 70.01 497.46 182.92 0 0.7922
543.53 112.40 639.99 240.50 0 0.7554
86.94 28.22 224.90 156.87 0 0.7023
577.86 271.34 639.77 415.20 0 0.5448
257.70 0.02 385.04 57.04 0 0.3010
