370.05 85.48 438.21 152.05 0 0.9203
384.81 153.40 452.49 219.53 0 0.9164
160.55 67.15 228.18 134.15 0 0.9155
238.67 238.72 309.11 304.13 0 0.9141
319.50 173.10 386.28 240.45 0 0.9068
314.95 249.22 360.91 290.50 0 0.8836
200.31 178.83 266.57 248.17 0 0.8735
326.65 90.06 369.90 131.65 0 0.8677
109.93 148.41 153.87 191.07 0 0.8639
229.77 85.06 273.22 128.05 0 0.8618
405.25 260.53 450.82 304.38 0 0.8518
472.31 139.01 516.43 181.31 0 0.7878
287.19 120.36 332.55 162.06 0 0.7875
148.56 229.29 193.28 273.01 0 0.7865
349.04 331.70 393.92 376.17 0 0.7471
377.62 224.54 419.98 267.79 0 0.6834
439.70 59.01 483.25 99.82 0 0.6819
436.95 110.27 481.29 152.83 0 0.6791
305.92 331.23 350.02 373.37 0 0.6405
238.58 130.18 283.94 173.66 0 0.5810
116.70 99.57 160.89 140.51 0 0.4238
259.61 300.72 304.72 343.80 0 0.3125
