505.40 186.76 602.53 249.21 0 0.9232
227.43 70.52 359.61 155.90 0 0.9224
183.60 190.67 300.44 273.50 0 0.9197
514.41 99.00 608.75 157.23 0 0.9151
423.76 51.92 511.07 103.87 0 0.9151
-0.19 174.83 95.51 240.46 0 0.9127
155.68 292.63 240.33 353.03 0 0.9114
80.86 228.04 161.05 282.40 0 0.9096
372.47 241.21 509.99 336.26 0 0.9059
98.81 114.89 223.86 194.38 0 0.9031
307.75 152.33 398.22 207.25 0 0.8902
70.29 329.97 120.77 367.06 0 0.8702
26.97 291.37 76.26 325.44 0 0.8700
-0.00 252.19 26.20 285.42 0 0.8611
399.77 103.11 483.53 156.18 0 0.8560
207.56 340.54 414.88 437.47 0 0.8323
612.34 133.17 639.98 224.73 0 0.8145
