120.52 25.16 247.83 150.51 0 0.9252
241.75 68.90 369.19 194.63 0 0.9249
154.87 212.83 283.51 337.74 0 0.9194
57.64 203.16 140.35 285.42 0 0.9094
87.19 282.83 164.52 358.80 0 0.9060
401.97 225.71 475.54 297.23 0 0.8988
359.11 283.48 429.51 352.64 0 0.8970
299.98 187.35 403.07 292.34 0 0.8952
451.78 150.52 515.57 211.11 0 0.8877
274.18 284.84 350.36 359.32 0 0.8853
124.27 165.63 186.92 227.62 0 0.8615
475.38 210.72 538.69 272.83 0 0.8602
369.36 103.28 432.05 164.00 0 0.8426
388.99 164.76 454.00 226.06 0 0.8426
227.27 333.63 289.71 391.48 0 0.7514
184.95 147.42 248.17 209.00 0 0.4555
