69.73 133.94 155.75 200.94 0 0.9218
445.69 87.29 528.09 151.28 0 0.9192
326.79 367.85 421.25 448.36 0 0.9187
423.55 172.62 510.17 238.95 0 0.9158
232.99 319.82 326.03 395.29 0 0.9153
280.24 271.98 372.81 347.35 0 0.9142
336.58 185.13 424.34 253.93 0 0.9133
132.85 326.10 226.37 396.55 0 0.9115
367.41 35.71 449.25 98.37 0 0.9105
160.97 153.67 250.30 215.30 0 0.9105
217.06 124.85 301.71 181.19 0 0.9085
248.34 90.94 332.27 152.69 0 0.9084
325.70 118.44 410.83 183.78 0 0.9077
240.70 176.81 329.10 247.35 0 0.9070
189.07 234.11 279.64 300.42 0 0.9070
420.18 240.96 509.27 315.04 0 0.9056
124.52 195.80 213.29 264.39 0 0.9033
369.08 291.48 459.97 367.21 0 0.9011
149.51 268.30 239.78 342.85 0 0.8907
462.25 244.50 549.28 317.05 0 0.8613
