34.99 171.22 150.11 236.89 0 0.9234
451.30 235.83 571.24 305.60 0 0.9193
264.92 157.28 378.56 219.30 0 0.9137
465.35 90.97 574.16 147.12 0 0.9129
354.87 117.59 465.46 177.45 0 0.9111
361.24 64.42 468.43 118.01 0 0.9070
231.01 99.70 338.31 158.20 0 0.9058
152.98 49.81 258.67 104.30 0 0.9056
121.60 102.88 228.26 160.99 0 0.9019
448.51 150.03 560.30 212.06 0 0.9012
150.68 154.88 262.22 216.79 0 0.9005
11.21 114.80 120.08 173.99 0 0.8952
261.78 47.09 363.15 99.70 0 0.8901
541.18 186.87 638.58 250.01 0 0.8893
446.21 26.19 546.56 79.37 0 0.8768
562.05 61.83 640.04 118.45 0 0.8767
571.30 247.29 640.47 322.53 0 0.8711
346.52 14.30 446.30 63.74 0 0.8705
0.04 77.76 49.31 132.44 0 0.8578
232.49 0.88 333.14 52.79 0 0.8356
444.65 -0.20 550.50 26.42 0 0.8069
117.66 221.55 234.39 283.68 0 0.7916
9.83 0.46 110.07 57.06 0 0.7902
607.36 131.05 640.05 191.69 0 0.7778
50.25 46.10 153.01 98.14 0 0.7765
568.86 0.06 640.29 42.02 0 0.6358
342.88 0.03 446.79 14.21 0 0.5498
77.16 0.06 195.21 16.45 0 0.5318
131.60 2.14 227.56 56.68 0 0.4305
