225.05 127.68 279.02 173.92 0 0.7920
388.09 115.40 442.50 162.53 0 0.7875
22.62 173.58 75.93 218.03 0 0.7870
96.04 208.19 148.68 254.38 0 0.7843
301.74 100.99 355.16 146.55 0 0.7830
414.77 55.03 471.74 105.31 0 0.7823
256.98 8.71 312.05 58.71 0 0.7787
99.32 125.25 154.41 172.09 0 0.7787
17.14 83.68 70.11 129.69 0 0.7748
227.48 70.96 282.63 118.25 0 0.7726
357.75 278.09 412.80 323.53 0 0.7713
303.84 159.14 356.74 204.50 0 0.7594
85.70 39.25 141.55 89.45 0 0.7582
375.75 184.64 427.22 228.36 0 0.7552
276.24 233.61 324.52 273.74 0 0.7472
40.32 252.05 93.32 296.87 0 0.7456
332.59 222.77 381.76 264.75 0 0.7339
328.68 43.29 384.58 91.17 0 0.5381
