394.02 160.24 454.01 210.55 0 0.8205
142.86 239.50 200.19 286.67 0 0.7942
57.89 186.71 115.37 231.56 0 0.7929
268.90 110.92 327.86 160.10 0 0.7929
343.76 253.05 404.99 301.82 0 0.7911
283.55 169.04 342.24 218.09 0 0.7901
380.34 71.45 438.83 121.98 0 0.7846
147.80 58.34 208.28 109.18 0 0.7801
245.01 37.42 303.45 88.31 0 0.7788
225.26 260.41 284.45 308.50 0 0.7747
323.37 15.14 382.15 65.27 0 0.7725
45.76 76.39 104.12 125.20 0 0.7712
175.60 135.51 229.92 184.81 0 0.7690
6.16 139.52 59.95 187.13 0 0.7639
97.62 124.37 152.39 171.68 0 0.7551
213.56 186.23 265.45 232.27 0 0.7485
