224.74 127.73 279.28 173.87 0 0.7961
22.54 173.21 75.78 218.24 0 0.7903
301.89 100.88 354.85 146.92 0 0.7898
17.37 83.82 70.47 130.00 0 0.7824
96.16 208.13 149.57 254.58 0 0.7798
99.21 125.08 154.67 172.09 0 0.7775
357.64 277.87 412.69 323.66 0 0.7735
387.98 114.37 443.95 163.46 0 0.7661
304.07 158.98 357.43 204.30 0 0.7641
85.01 38.83 142.17 89.93 0 0.7595
376.10 184.47 428.13 228.53 0 0.7544
40.28 251.80 93.80 297.06 0 0.7514
333.15 222.52 381.91 264.80 0 0.7448
228.13 69.47 282.83 119.36 0 0.7418
276.71 233.70 324.44 273.66 0 0.7225
